![image](/w.png)

### Новое и непонятное?
Добавлены два header файла [matrix.h](../include/matrix.h) и [rand.h](../include/rand.h)
Они лижат в папке [include](../include). Файлы для того, чтобы функции не переназначать для многих задач.

Новое           | Пояснение
----------------|----------------------
**m_row std::vector<double>** | Создал переопределение типа. так удобнее
**#define matrix std::vector<m_row>** | Матрица. Вектор векторов 
**generateMatrix(matrix &mat)** | Создание случайной матрицы 
**printMatrix(matrix &mat, string name = "")** | Вывод матрицы и её имя 
**matrix transposeMatrix(matrix mat)** | Транспонирует Матрицу 
**matrix multiplyMatrix(matrix x, matrix y)** | Перемножает матриу x*y 

### input
```
n: random value
```

### output - test 1
```
Матрица A(2x2):
   -7.26   5.37
   9.15   7.49
Матрица Транспонированная матрица At(2x2):
   -7.26   9.15
   5.37   7.49
Матрица Ат*А(2x2):
   136   29.6
   29.6   85
```

### output - test 2
```
Матрица A(3x3):
   5.99   -7.83   0.739
   1.19   8.98   7.25
   -2.37   -2.1   4.75
Матрица Транспонированная матрица At(3x3):
   5.99   1.19   -2.37
   -7.83   8.98   -2.1
   0.739   7.25   4.75
Матрица Ат*А(3x3):
   42.9   -31.3   1.76
   -31.3   146   49.3
   1.76   49.3   75.7
```